-0.00   3.00        1.50
-0.16   3.00        1.86
-0.32   2.98        2.22
-0.48   2.96        2.58
-0.64   2.93        2.94
-0.80   2.89        3.30
-0.96   2.84        3.66
-1.11   2.79        4.02
-1.26   2.72        4.38
-1.40   2.65        4.74
-1.54   2.57        5.10
-1.68   2.49        5.46
-1.81   2.39        5.82
-1.94   2.29        6.18
-2.06   2.18        6.54
-2.17   2.07        6.90
-2.28   1.95        7.26
-2.38   1.82        7.62
-2.48   1.69        7.98
-2.57   1.55        8.34
-2.65   1.41        8.70
-2.72   1.27        9.06
-2.78   1.12        9.42
-2.84   0.97        9.78
-2.89   0.81       10.14
-2.93   0.66       10.50
-2.96   0.50       10.86
-2.98   0.34       11.22
-2.99   0.18       11.58
-3.00   0.01       11.94
-3.00   -0.15      12.30
-2.98   -0.31      12.66
-2.96   -0.47      13.02
-2.93   -0.63      13.38
-2.90   -0.79      13.74
-2.85   -0.94      14.10
-2.79   -1.09      14.46
-2.73   -1.24      14.82
-2.66   -1.39      15.18
-2.58   -1.53      15.54
-2.49   -1.67      15.90
-2.40   -1.80      16.26
-2.30   -1.93      16.62
-2.19   -2.05      16.98
-2.08   -2.16      17.34
-1.96   -2.27      17.70
-1.83   -2.37      18.06
-1.70   -2.47      18.42
-1.57   -2.56      18.78
-1.43   -2.64      19.14
-1.28   -2.71      19.50
-1.13   -2.78      19.86
-0.98   -2.83      20.22
-0.83   -2.88      20.58
-0.67   -2.92      20.94
-0.51   -2.96      21.30
-0.35   -2.98      21.66
-0.19   -2.99      22.02
-0.03   -3.00      22.38
0.13    -3.00      22.74
0.29    -2.99      23.10
0.46    -2.97      23.46
0.61    -2.94      23.82
0.77    -2.90      24.18
0.93    -2.85      24.54
1.08    -2.80      24.90
1.23    -2.74      25.26
1.38    -2.67      25.62
1.52    -2.59      25.98
1.66    -2.50      26.34
1.79    -2.41      26.70
1.92    -2.31      27.06
2.04    -2.20      27.42
2.15    -2.09      27.78
2.26    -1.97      28.14
2.37    -1.85      28.50
2.46    -1.71      28.86
2.55    -1.58      29.22
2.63    -1.44      29.58
2.71    -1.30      29.94
2.77    -1.15      30.30
2.83    -1.00      30.66
2.88    -0.84      31.02
2.92    -0.69      31.38
2.95    -0.53      31.74
2.98    -0.37      32.10
2.99    -0.20      32.46
3.00    -0.04      32.82
3.00    0.12       33.18
2.99    0.28       33.54
2.97    0.44       33.90
2.94    0.60       34.26
2.90    0.76       34.62
2.86    0.91       34.98
2.80    1.07       35.34
2.74    1.22       35.70
2.67    1.36       36.06
2.60    1.51       36.42
2.51    1.64       36.78
2.42    1.78       37.14
2.32    1.90       37.50
2.21    2.03       37.86
2.10    2.14       38.22
1.98    2.25       38.58
1.86    2.36       38.94
1.73    2.45       39.30
1.59    2.54       39.66
1.45    2.63       40.02
1.31    2.70       40.38
1.16    2.77       40.74
1.01    2.83       41.10
0.86    2.88       41.46
0.70    2.92       41.82
0.54    2.95       42.18
0.38    2.98       42.54
0.22    2.99       42.90
0.06    3.00       43.26
-0.10   3.00       43.62
-0.27   2.99       43.98
-0.43   2.97       44.34
-0.59   2.94       44.70
-0.74   2.91       45.06
-0.90   2.86       45.42
-1.05   2.81       45.78
-1.20   2.75       46.14
-1.35   2.68       46.50
-1.49   2.60       46.86
-1.63   2.52       47.22
-1.76   2.43       47.58
-1.89   2.33       47.94
-2.02   2.22       48.30
-2.13   2.11       48.66
-2.24   1.99       49.02
-2.35   1.87       49.38
-2.45   1.74       49.74
-2.54   1.60       50.10
-2.62   1.46       50.46
-2.69   1.32       50.82
-2.76   1.17       51.18
-2.82   1.02       51.54
-2.87   0.87       51.90
-2.91   0.71       52.26
-2.95   0.55       52.62
-2.97   0.39       52.98
-2.99   0.23       53.34
-3.00   0.07       53.70
-3.00   -0.09      54.06
-2.99   -0.25      54.42
-2.97   -0.41      54.78
-2.94   -0.57      55.14
-2.91   -0.73      55.50
-2.87   -0.89      55.86
-2.81   -1.04      56.22
-2.75   -1.19      56.58
-2.69   -1.34      56.94
-2.61   -1.48      57.30
-2.53   -1.62      57.66
-2.43   -1.75      58.02
-2.34   -1.88      58.38
-2.23   -2.01      58.74
-2.12   -2.12      59.10
-2.00   -2.23      59.46
-1.88   -2.34      59.82
-1.75   -2.44      60.18
-1.62   -2.53      60.54
-1.48   -2.61      60.90
-1.33   -2.69      61.26
-1.19   -2.76      61.62
-1.04   -2.82      61.98
-0.88   -2.87      62.34
-0.73   -2.91      62.70
-0.57   -2.95      63.06
-0.41   -2.97      63.42
-0.25   -2.99      63.78
-0.09   -3.00      64.14
0.08    -3.00      64.50
0.24    -2.99      64.86
0.40    -2.97      65.22
0.56    -2.95      65.58
0.72    -2.91      65.94
0.87    -2.87      66.30
1.03    -2.82      66.66
1.18    -2.76      67.02
1.32    -2.69      67.38
1.47    -2.62      67.74
1.61    -2.53      68.10
1.74    -2.44      68.46
1.87    -2.35      68.82
1.99    -2.24      69.18
2.11    -2.13      69.54
2.22    -2.01      69.90
2.33    -1.89      70.26
2.43    -1.76      70.62
2.52    -1.63      70.98
2.60    -1.49      71.34
2.68    -1.35      71.70
2.75    -1.20      72.06
2.81    -1.05      72.42
2.86    -0.90      72.78
2.91    -0.74      73.14
2.94    -0.58      73.50
2.97    -0.42      73.86
2.99    -0.26      74.22
3.00    -0.10      74.58
3.00    0.06       74.94
2.99    0.22       75.30
2.98    0.38       75.66
2.95    0.54       76.02
2.92    0.70       76.38
2.87    0.86       76.74
2.82    1.01       77.10
2.77    1.16       77.46
2.70    1.31       77.82
2.62    1.46       78.18
2.54    1.59       78.54
2.45    1.73       78.90
2.35    1.86       79.26
2.25    1.98       79.62
2.14    2.10       79.98
2.02    2.21       80.34
1.90    2.32       80.70
1.77    2.42       81.06
1.64    2.51       81.42
1.50    2.60       81.78
1.36    2.67       82.14
1.21    2.74       82.50
1.06    2.81       82.86
0.91    2.86       83.22
0.75    2.90       83.58
0.60    2.94       83.94
0.44    2.97       84.30
0.28    2.99       84.66
0.12    3.00       85.02
-0.05   3.00       85.38
-0.21   2.99       85.74
-0.37   2.98       86.10
-0.53   2.95       86.46
-0.69   2.92       86.82
-0.85   2.88       87.18
-1.00   2.83       87.54
-1.15   2.77       87.90
-1.30   2.70       88.26
-1.44   2.63       88.62
-1.58   2.55       88.98
-1.72   2.46       89.34
-1.85   2.36       89.70
-1.97   2.26       90.06
-2.09   2.15       90.42
-2.20   2.03       90.78
-2.31   1.91       91.14
-2.41   1.78       91.50
-2.50   1.65       91.86
-2.59   1.51       92.22
-2.67   1.37       92.58
-2.74   1.23       92.94
-2.80   1.08       93.30
-2.85   0.92       93.66
-2.90   0.77       94.02
-2.94   0.61       94.38
-2.97   0.45       94.74
-2.99   0.29       95.10
-3.00   0.13       95.46
-3.00   -0.03      95.82
-2.99   -0.19      96.18
-2.98   -0.36      96.54
-2.96   -0.52      96.90
-2.92   -0.67      97.26
-2.88   -0.83      97.62
-2.83   -0.99      97.98
-2.78   -1.14      98.34
-2.71   -1.29      98.70
-2.64   -1.43      99.06
-2.56   -1.57      99.42
-2.47   -1.71      99.78
-2.37   -1.84     100.14
-2.27   -1.96     100.50
-2.16   -2.08     100.86
-2.04   -2.20     101.22
-1.92   -2.30     101.58
-1.80   -2.40     101.94
-1.66   -2.50     102.30
-1.53   -2.58     102.66
-1.39   -2.66     103.02
-1.24   -2.73     103.38
-1.09   -2.79     103.74
-0.94   -2.85     104.10
-0.78   -2.90     104.46
-0.63   -2.93     104.82
-0.47   -2.96     105.18
-0.31   -2.98     105.54
-0.14   -3.00     105.90
0.02    -3.00     106.26
0.18    -2.99     106.62
0.34    -2.98     106.98
0.50    -2.96     107.34
0.66    -2.93     107.70
0.82    -2.89     108.06
0.97    -2.84     108.42
1.12    -2.78     108.78
1.27    -2.72     109.14
1.42    -2.64     109.50
1.56    -2.56     109.86
1.69    -2.48     110.22
1.83    -2.38     110.58
1.95    -2.28     110.94
2.07    -2.17     111.30
2.19    -2.06     111.66
2.29    -1.93     112.02
2.39    -1.81     112.38
2.49    -1.68     112.74
2.58    -1.54     113.10
2.65    -1.40     113.46
2.73    -1.25     113.82
2.79    -1.10     114.18
2.85    -0.95     114.54
2.89    -0.80     114.90
2.93    -0.64     115.26
2.96    -0.48     115.62
2.98    -0.32     115.98
3.00    -0.16     116.34
3.00    0.00      116.70
3.00    0.17      117.06
2.98    0.33      117.42
2.96    0.49      117.78
2.93    0.65      118.14
2.89    0.80      118.50
2.84    0.96      118.86
2.79    1.11      119.22
2.72    1.26      119.58
2.65    1.40      119.94
2.57    1.55      120.30
2.48    1.68      120.66
2.39    1.81      121.02
2.29    1.94      121.38
2.18    2.06      121.74
2.07    2.18      122.10
1.95    2.28      122.46
1.82    2.39      122.82
1.69    2.48      123.18
1.55    2.57      123.54
1.41    2.65      123.90
1.27    2.72      124.26
1.12    2.78      124.62
0.97    2.84      124.98
0.81    2.89      125.34
0.65    2.93      125.70
0.49    2.96      126.06
0.33    2.98      126.42
0.17    3.00      126.78
0.01    3.00      127.14
-0.15   3.00      127.50
-0.31   2.98      127.86
-0.47   2.96      128.22
-0.63   2.93      128.58
-0.79   2.89      128.94
-0.95   2.85      129.30
-1.10   2.79      129.66
-1.25   2.73      130.02
-1.39   2.66      130.38
-1.53   2.58      130.74
-1.67   2.49      131.10
-1.80   2.40      131.46
-1.93   2.30      131.82
-2.05   2.19      132.18
-2.17   2.08      132.54
-2.27   1.96      132.90
-2.38   1.83      133.26
-2.47   1.70      133.62
-2.56   1.56      133.98
-2.64   1.42      134.34
-2.71   1.28      134.70
-2.78   1.13      135.06
-2.84   0.98      135.42
-2.88   0.82      135.78
-2.92   0.67      136.14
-2.96   0.51      136.50
-2.98   0.35      136.86
-2.99   0.19      137.22
-3.00   0.02      137.58
-3.00   -0.14     137.94
-2.99   -0.30     138.30
-2.96   -0.46     138.66
-2.94   -0.62     139.02
-2.90   -0.78     139.38
-2.85   -0.93     139.74
-2.80   -1.08     140.10
-2.73   -1.23     140.46
-2.66   -1.38     140.82
-2.59   -1.52     141.18
-2.50   -1.66     141.54
-2.41   -1.79     141.90
-2.31   -1.92     142.26
-2.20   -2.04     142.62
-2.09   -2.16     142.98
-1.97   -2.27     143.34
-1.84   -2.37     143.70
-1.71   -2.46     144.06
-1.58   -2.55     144.42
-1.44   -2.63     144.78
-1.29   -2.71     145.14
-1.14   -2.77     145.50
-0.99   -2.83     145.86
-0.84   -2.88     146.22
-0.68   -2.92     146.58
-0.52   -2.95     146.94
-0.36   -2.98     147.30
-0.20   -2.99     147.66
-0.04   -3.00     148.02
0.12    -3.00     148.38
0.28    -2.99     148.74
0.45    -2.97     149.10
0.60    -2.94     149.46
0.76    -2.90     149.82
0.92    -2.86     150.18
1.07    -2.80     150.54
1.22    -2.74     150.90
1.37    -2.67     151.26
1.51    -2.59     151.62
1.65    -2.51     151.98
1.78    -2.42     152.34
1.91    -2.32     152.70
2.03    -2.21     153.06
2.15    -2.10     153.42
2.26    -1.98     153.78
2.36    -1.85     154.14
2.46    -1.72     154.50
2.55    -1.59     154.86
2.63    -1.45     155.22
2.70    -1.30     155.58
2.77    -1.16     155.94
2.83    -1.01     156.30
2.88    -0.85     156.66
2.92    -0.70     157.02
2.95    -0.54     157.38
2.98    -0.38     157.74
2.99    -0.22     158.10
3.00    -0.05     158.46
3.00    0.11      158.82
2.99    0.27      159.18
2.97    0.43      159.54
2.94    0.59      159.90
2.91    0.75      160.26
2.86    0.90      160.62
2.81    1.06      160.98
2.75    1.21      161.34
2.68    1.35      161.70
2.60    1.50      162.06
2.52    1.63      162.42
2.42    1.77      162.78
2.32    1.90      163.14
2.22    2.02      163.50
2.11    2.14      163.86
1.99    2.25      164.22
1.86    2.35      164.58
1.74    2.45      164.94
1.60    2.54      165.30
1.46    2.62      165.66
1.32    2.70      166.02
1.17    2.76      166.38
1.02    2.82      166.74
0.87    2.87      167.10
0.71    2.91      167.46
0.55    2.95      167.82
0.39    2.97      168.18
0.23    2.99      168.54
0.07    3.00      168.90
-0.09   3.00      169.26
-0.26   2.99      169.62
-0.42   2.97      169.98
-0.58   2.94      170.34
-0.73   2.91      170.70
-0.89   2.86      171.06
-1.04   2.81      171.42
-1.19   2.75      171.78
-1.34   2.68      172.14
-1.48   2.61      172.50
-1.62   2.52      172.86
-1.76   2.43      173.22
-1.88   2.33      173.58
-2.01   2.23      173.94
-2.13   2.12      174.30
-2.24   2.00      174.66
-2.34   1.88      175.02
-2.44   1.75      175.38
-2.53   1.61      175.74
-2.61   1.47      176.10
-2.69   1.33      176.46
-2.76   1.18      176.82
-2.82   1.03      177.18
-2.87   0.88      177.54
-2.91   0.72      177.90
-2.95   0.57      178.26
-2.97   0.41      178.62
-2.99   0.24      178.98
-3.00   0.08      179.34
-3.00   -0.08     179.70
-2.99   -0.24     180.06
-2.97   -0.40     180.42
-2.95   -0.56     180.78
-2.91   -0.72     181.14
-2.87   -0.88     181.50
-2.82   -1.03     181.86
-2.76   -1.18     182.22
-2.69   -1.33     182.58
-2.61   -1.47     182.94
-2.53   -1.61     183.30
-2.44   -1.74     183.66
-2.34   -1.87     184.02
-2.24   -2.00     184.38
-2.13   -2.12     184.74
-2.01   -2.23     185.10
-1.89   -2.33     185.46
-1.76   -2.43     185.82
-1.62   -2.52     186.18
-1.49   -2.61     186.54
-1.34   -2.68     186.90
-1.20   -2.75     187.26
-1.05   -2.81     187.62
-0.89   -2.86     187.98
-0.74   -2.91     188.34
-0.58   -2.94     188.70
-0.42   -2.97     189.06
-0.26   -2.99     189.42
-0.10   -3.00     189.78
0.07    -3.00     190.14
0.23    -2.99     190.50
0.39    -2.97     190.86
0.55    -2.95     191.22
0.71    -2.92     191.58
0.86    -2.87     191.94
1.02    -2.82     192.30
1.17    -2.76     192.66
1.31    -2.70     193.02
1.46    -2.62     193.38
1.60    -2.54     193.74
1.73    -2.45     194.10
1.86    -2.35     194.46
1.99    -2.25     194.82
2.10    -2.14     195.18
2.22    -2.02     195.54
2.32    -1.90     195.90
2.42    -1.77     196.26
2.51    -1.64     196.62
2.60    -1.50     196.98
2.68    -1.36     197.34
2.75    -1.21     197.70
2.81    -1.06     198.06
2.86    -0.91     198.42
2.90    -0.75     198.78
2.94    -0.59     199.14
2.97    -0.43     199.50
2.99    -0.27     199.86
3.00    -0.11     200.22
3.00    0.05      200.58
2.99    0.21      200.94
2.98    0.37      201.30
2.95    0.53      201.66
2.92    0.69      202.02
2.88    0.85      202.38
2.83    1.00      202.74
2.77    1.15      203.10
2.70    1.30      203.46
2.63    1.45      203.82
2.55    1.59      204.18
2.46    1.72      204.54
2.36    1.85      204.90
2.26    1.98      205.26
2.15    2.09      205.62
2.03    2.21      205.98
1.91    2.31      206.34
1.78    2.41      206.70
1.65    2.51      207.06
1.51    2.59      207.42
1.37    2.67      207.78
1.22    2.74      208.14
1.07    2.80      208.50
0.92    2.86      208.86
0.77    2.90      209.22
0.61    2.94      209.58
0.45    2.97      209.94
0.29    2.99      210.30
0.13    3.00      210.66
-0.04   3.00      211.02
-0.20   2.99      211.38
-0.36   2.98      211.74
-0.52   2.95      212.10
-0.68   2.92      212.46
-0.84   2.88      212.82
-0.99   2.83      213.18
-1.14   2.77      213.54
-1.29   2.71      213.90
-1.43   2.64      214.26
-1.57   2.55      214.62
-1.71   2.47      214.98
-1.84   2.37      215.34
-1.96   2.27      215.70
-2.08   2.16      216.06
-2.20   2.04      216.42
-2.30   1.92      216.78
-2.41   1.79      217.14
-2.50   1.66      217.50
-2.58   1.52      217.86
-2.66   1.38      218.22
-2.73   1.24      218.58
-2.80   1.09      218.94
-2.85   0.93      219.30
-2.90   0.78      219.66
-2.93   0.62      220.02
-2.96   0.46      220.38
-2.98   0.30      220.74
-3.00   0.14      221.10
-3.00   -0.02     221.46
-2.99   -0.18     221.82
-2.98   -0.35     222.18
-2.96   -0.51     222.54
-2.93   -0.66     222.90
-2.89   -0.82     223.26
-2.84   -0.98     223.62
-2.78   -1.13     223.98
-2.72   -1.28     224.34
-2.64   -1.42     224.70
-2.56   -1.56     225.06
-2.47   -1.70     225.42
-2.38   -1.83     225.78
-2.28   -1.95     226.14
-2.17   -2.07     226.50
-2.05   -2.19     226.86
-1.93   -2.30     227.22
-1.80   -2.40     227.58
-1.67   -2.49     227.94
-1.54   -2.58     228.30
-1.39   -2.66     228.66
-1.25   -2.73     229.02
-1.10   -2.79     229.38
-0.95   -2.85     229.74
-0.79   -2.89     230.10
-0.64   -2.93     230.46
-0.48   -2.96     230.82
-0.32   -2.98     231.18
-0.15   -3.00     231.54
0.01    -3.00     231.90
0.17    -3.00     232.26
0.33    -2.98     232.62
0.49    -2.96     232.98
0.65    -2.93     233.34
0.81    -2.89     233.70
0.96    -2.84     234.06
1.11    -2.79     234.42
1.26    -2.72     234.78
1.41    -2.65     235.14
1.55    -2.57     235.50
1.69    -2.48     235.86
1.82    -2.39     236.22
1.94    -2.29     236.58
2.06    -2.18     236.94
2.18    -2.06     237.30
2.29    -1.94     237.66
2.39    -1.82     238.02
2.48    -1.68     238.38
2.57    -1.55     238.74
2.65    -1.41     239.10
2.72    -1.26     239.46
2.79    -1.11     239.82
2.84    -0.96     240.18
2.89    -0.81     240.54
2.93    -0.65     240.90
2.96    -0.49     241.26
2.98    -0.33     241.62
3.00    -0.17     241.98
3.00    -0.01     242.34
3.00    0.16      242.70
2.98    0.32      243.06
2.96    0.48      243.42
2.93    0.64      243.78
2.89    0.79      244.14
2.85    0.95      244.50
2.79    1.10      244.86
2.73    1.25      245.22
2.66    1.40      245.58
2.58    1.54      245.94
2.49    1.67      246.30
2.40    1.81      246.66
2.30    1.93      247.02
2.19    2.05      247.38
2.07    2.17      247.74
1.95    2.28      248.10
1.83    2.38      248.46
1.70    2.47      248.82
1.56    2.56      249.18
1.42    2.64      249.54
1.28    2.72      249.90
1.13    2.78      250.26
0.98    2.84      250.62
0.82    2.89      250.98
0.66    2.93      251.34
0.50    2.96      251.70
0.34    2.98      252.06
0.18    2.99      252.42
0.02    3.00      252.78
-0.14   3.00      253.14
-0.30   2.98      253.50
-0.46   2.96      253.86
-0.62   2.93      254.22
-0.78   2.90      254.58
-0.94   2.85      254.94
-1.09   2.80      255.30
-1.24   2.73      255.66
-1.38   2.66      256.02
-1.52   2.58      256.38
-1.66   2.50      256.74
-1.79   2.40      257.10
-1.92   2.30      257.46
-2.04   2.20      257.82
-2.16   2.08      258.18
-2.27   1.96      258.54
-2.37   1.84      258.90
-2.47   1.71      259.26
-2.55   1.57      259.62
-2.64   1.43      259.98
-2.71   1.29      260.34
-2.77   1.14      260.70
-2.83   0.99      261.06
-2.88   0.83      261.42
-2.92   0.68      261.78
-2.95   0.52      262.14
-2.98   0.36      262.50
-2.99   0.20      262.86
-3.00   0.04      263.22
-3.00   -0.13     263.58
-2.99   -0.29     263.94
-2.97   -0.45     264.30
-2.94   -0.61     264.66
-2.90   -0.77     265.02
-2.86   -0.92     265.38
-2.80   -1.07     265.74
-2.74   -1.22     266.10
-2.67   -1.37     266.46
-2.59   -1.51     266.82
-2.51   -1.65     267.18
-2.41   -1.78     267.54
-2.31   -1.91     267.90
-2.21   -2.03     268.26
-2.09   -2.15     268.62
-1.98   -2.26     268.98
-1.85   -2.36     269.34
-1.72   -2.46     269.70
-1.59   -2.55     270.06
-1.45   -2.63     270.42
-1.30   -2.70     270.78
-1.15   -2.77     271.14
-1.00   -2.83     271.50
-0.85   -2.88     271.86
-0.69   -2.92     272.22
-0.53   -2.95     272.58
-0.37   -2.98     272.94
-0.21   -2.99     273.30
-0.05   -3.00     273.66
0.11    -3.00     274.02
0.27    -2.99     274.38
0.43    -2.97     274.74
0.59    -2.94     275.10
0.75    -2.90     275.46
0.91    -2.86     275.82
1.06    -2.81     276.18
1.21    -2.75     276.54
1.36    -2.68     276.90
1.50    -2.60     277.26
1.64    -2.51     277.62
1.77    -2.42     277.98
1.90    -2.32     278.34
2.02    -2.22     278.70
2.14    -2.10     279.06
2.25    -1.99     279.42
2.35    -1.86     279.78
2.45    -1.73     280.14
2.54    -1.60     280.50
2.62    -1.46     280.86
2.70    -1.31     281.22
2.76    -1.17     281.58
2.82    -1.02     281.94
2.87    -0.86     282.30
2.92    -0.71     282.66
2.95    -0.55     283.02
2.97    -0.39     283.38
2.99    -0.23     283.74
3.00    -0.06     284.10
3.00    0.10      284.46
2.99    0.26      284.82
2.97    0.42      285.18
2.94    0.58      285.54
2.91    0.74      285.90
2.86    0.89      286.26
2.81    1.05      286.62
2.75    1.20      286.98
2.68    1.34      287.34
2.61    1.49      287.70
2.52    1.62      288.06
2.43    1.76      288.42
2.33    1.89      288.78
2.23    2.01      289.14
2.12    2.13      289.50
2.00    2.24      289.86
1.87    2.34      290.22
1.74    2.44      290.58
1.61    2.53      290.94
1.47    2.61      291.30
1.33    2.69      291.66
1.18    2.76      292.02
1.03    2.82      292.38
0.88    2.87      292.74
0.72    2.91      293.10
0.56    2.95      293.46
0.40    2.97      293.82
0.24    2.99      294.18
0.08    3.00      294.54
-0.08   3.00      294.90
-0.24   2.99      295.26
-0.41   2.97      295.62
-0.57   2.95      295.98
-0.72   2.91      296.34
-0.88   2.87      296.70
-1.03   2.82      297.06
-1.18   2.76      297.42
-1.33   2.69      297.78
-1.47   2.61      298.14
-1.61   2.53      298.50
-1.75   2.44      298.86
-1.88   2.34      299.22
-2.00   2.24      299.58
-2.12   2.13      299.94
-2.23   2.01      300.30
-2.33   1.88      300.66
-2.43   1.76      301.02
-2.52   1.62      301.38
-2.61   1.48      301.74
-2.68   1.34      302.10
-2.75   1.19      302.46
-2.81   1.04      302.82
-2.86   0.89      303.18
-2.91   0.73      303.54
-2.94   0.58      303.90
-2.97   0.42      304.26
-2.99   0.26      304.62
-3.00   0.09      304.98
-3.00   -0.07     305.34
-2.99   -0.23     305.70
-2.97   -0.39     306.06
-2.95   -0.55     306.42
-2.91   -0.71     306.78
-2.87   -0.87     307.14
-2.82   -1.02     307.50
-2.76   -1.17     307.86
-2.70   -1.32     308.22
-2.62   -1.46     308.58
-2.54   -1.60     308.94
-2.45   -1.73     309.30
-2.35   -1.86     309.66
-2.25   -1.99     310.02
-2.14   -2.11     310.38
-2.02   -2.22     310.74
-1.90   -2.32     311.10
-1.77   -2.42     311.46
-1.63   -2.52     311.82
-1.50   -2.60     312.18
-1.35   -2.68     312.54
-1.21   -2.75     312.90
-1.06   -2.81     313.26
-0.90   -2.86     313.62
-0.75   -2.91     313.98
-0.59   -2.94     314.34
-0.43   -2.97     314.70
-0.27   -2.99     315.06
-0.11   -3.00     315.42
0.05    -3.00     315.78
0.22    -2.99     316.14
0.38    -2.98     316.50
0.54    -2.95     316.86
0.70    -2.92     317.22
0.85    -2.88     317.58
1.01    -2.83     317.94
1.16    -2.77     318.30
1.30    -2.70     318.66
1.45    -2.63     319.02
1.59    -2.55     319.38
1.72    -2.46     319.74
1.85    -2.36     320.10
1.98    -2.26     320.46
2.10    -2.15     320.82
2.21    -2.03     321.18
2.32    -1.91     321.54
2.42    -1.78     321.90
2.51    -1.65     322.26
2.59    -1.51     322.62
2.67    -1.37     322.98
2.74    -1.22     323.34
2.80    -1.07     323.70
2.86    -0.92     324.06
2.90    -0.76     324.42
2.94    -0.60     324.78
2.97    -0.45     325.14
2.99    -0.28     325.50
3.00    -0.12     325.86
3.00    0.04      326.22
2.99    0.20      326.58
2.98    0.36      326.94
2.95    0.52      327.30
2.92    0.68      327.66
2.88    0.84      328.02
2.83    0.99      328.38
2.77    1.14      328.74
2.71    1.29      329.10
2.63    1.44      329.46
2.55    1.58      329.82
2.46    1.71      330.18
2.37    1.84      330.54
2.27    1.97      330.90
2.16    2.09      331.26
2.04    2.20      331.62
1.92    2.31      331.98
1.79    2.41      332.34
1.66    2.50      332.70
1.52    2.59      333.06
1.38    2.66      333.42
1.23    2.73      333.78
1.08    2.80      334.14
0.93    2.85      334.50
0.78    2.90      334.86
0.62    2.94      335.22
0.46    2.96      335.58
0.30    2.99      335.94
0.14    3.00      336.30
-0.02   3.00      336.66
-0.19   2.99      337.02
-0.35   2.98      337.38
-0.51   2.96      337.74
-0.67   2.92      338.10
-0.82   2.88      338.46
-0.98   2.84      338.82
-1.13   2.78      339.18
-1.28   2.71      339.54
-1.42   2.64      339.90
-1.56   2.56      340.26
-1.70   2.47      340.62
-1.83   2.38      340.98
-1.96   2.27      341.34
-2.08   2.17      341.70
-2.19   2.05      342.06
-2.30   1.93      342.42
-2.40   1.80      342.78
-2.49   1.67      343.14
-2.58   1.53      343.50
-2.66   1.39      343.86
-2.73   1.25      344.22
-2.79   1.10      344.58
-2.85   0.95      344.94
-2.89   0.79      345.30
-2.93   0.63      345.66
-2.96   0.47      346.02
-2.98   0.31      346.38
-3.00   0.15      346.74
-3.00   -0.01     347.10
-3.00   -0.17     347.46
-2.98   -0.33     347.82
-2.96   -0.49     348.18
-2.93   -0.65     348.54
-2.89   -0.81     348.90
-2.84   -0.96     349.26
-2.78   -1.12     349.62
-2.72   -1.26     349.98
-2.65   -1.41     350.34
-2.57   -1.55     350.70
-2.48   -1.69     351.06
-2.39   -1.82     351.42
-2.28   -1.94     351.78
-2.18   -2.07     352.14
-2.06   -2.18     352.50
-1.94   -2.29     352.86
-1.81   -2.39     353.22
-1.68   -2.48     353.58
-1.55   -2.57     353.94
-1.41   -2.65     354.30
-1.26   -2.72     354.66
-1.11   -2.79     355.02
-0.96   -2.84     355.38
-0.80   -2.89     355.74
-0.65   -2.93     356.10
-0.49   -2.96     356.46
-0.33   -2.98     356.82
-0.17   -3.00     357.18
-0.00   -3.00     357.54
0.16    -3.00     357.90
0.32    -2.98     358.26
0.48    -2.96     358.62
0.64    -2.93     358.98
0.80    -2.89     359.34
0.95    -2.85     359.70
1.10    -2.79     360.06
1.25    -2.73     360.42
1.40    -2.65     360.78
1.54    -2.58     361.14
1.67    -2.49     361.50
