-0.00   3.00    
-1.87   2.34    
-2.93   0.66    
-2.70   -1.32   
-1.28   -2.71   
0.69    -2.92   
2.37    -1.85   
3.00    0.04    
2.32    1.90    
0.62    2.94    
-1.35   2.68    
-2.73   1.25    
-2.91   -0.73   
-1.82   -2.39   
0.08    -3.00   
1.93    -2.29   
2.94    -0.58   
2.66    1.38    
1.21    2.74    
-0.77   2.90    
-2.41   1.78    
-3.00   -0.11   
-2.27   -1.96   
-0.55   -2.95   
1.42    -2.64   
2.76    -1.18   
2.89    0.80    
1.75    2.43    
-0.15   3.00    
-1.99   2.24    
-2.96   0.51    
-2.63   -1.45   
-1.14   -2.77   
0.84    -2.88   
2.46    -1.72   
2.99    0.19    
2.22    2.02    
0.47    2.96    
-1.48   2.61    
-2.79   1.11    
-2.87   -0.88   
-1.69   -2.48   
0.23    -2.99   
2.05    -2.19   
2.97    -0.43   
2.59    1.52    
1.07    2.80    
-0.91   2.86    
-2.50   1.66    
-2.99   -0.26   
-2.17   -2.07   
-0.40   -2.97   
1.55    -2.57   
2.81    -1.04   
2.85    0.95    
1.63    2.52    
-0.30   2.98    
-2.10   2.14    
-2.98   0.36    
-2.55   -1.58   
-1.00   -2.83   
0.98    -2.83   
2.54    -1.60   
2.98    0.34    
2.11    2.13    
0.32    2.98    
-1.61   2.53    
-2.84   0.97    
-2.82   -1.02   
-1.57   -2.56   
0.38    -2.98   
2.15    -2.09   
2.99    -0.28   
2.51    1.64    
0.93    2.85    
-1.06   2.81    
-2.58   1.53    
-2.97   -0.41   
-2.06   -2.18   
-0.25   -2.99   
