1.06066   1.06066   
0.828797  1.25024   
0.563892  1.38997   
0.276507  1.47429   
-0.021902 1.49984   
-0.319438 1.46559   
-0.604238 1.37292   
-0.86495  1.2255    
-1.09118  1.02924   
-1.27391  0.791937  
-1.40585  0.523065  
-1.48174  0.23334   
-1.49856  -0.0656873
-1.45564  -0.362096 
-1.35469  -0.644069 
-1.19973  -0.900365 
-0.996936 -1.12077  
-0.754402 -1.29649  
-0.481792 -1.42052  
-0.189975 -1.48792  
0.109417  -1.496    
0.404446  -1.44445  
0.683351  -1.3353   
0.935013  -1.17292  
1.1494    -0.963785 
1.31796   -0.716224 
1.43398   -0.440108 
1.49283   -0.146447 
1.49217   0.153052  
1.43202   0.44645   
1.31478   0.722049  
1.14512   0.968863  
