            0     0.309017     0.587785     0.809017     0.951057            1     0.951056     0.809017     0.587785     0.309017            0
            0     0.281465     0.535379     0.736886     0.866261     0.910841     0.866261     0.736886     0.535379     0.281465            0
            0      0.25637     0.487645     0.671185     0.789026     0.829631     0.789026     0.671185     0.487645      0.25637            0
            0     0.233512     0.444167     0.611343     0.718677     0.755661     0.718677     0.611343     0.444166     0.233512            0
            0     0.212692     0.404565     0.556836       0.6546     0.688287       0.6546     0.556836     0.404565     0.212692            0
            0     0.193729     0.368494     0.507189     0.596236      0.62692     0.596236     0.507189     0.368494     0.193729            0
            0     0.176456     0.335639     0.461968     0.543076     0.571024     0.543076     0.461968     0.335639     0.176456            0
            0     0.160723     0.305714     0.420779     0.494656     0.520112     0.494656     0.420779     0.305714     0.160723            0
            0     0.146393     0.278457     0.383263     0.450552     0.473739     0.450552     0.383263     0.278457     0.146393            0
            0     0.133341      0.25363     0.349091     0.410381     0.431501     0.410381     0.349091      0.25363     0.133341            0
            0     0.121452     0.231016     0.317967     0.373792     0.393028     0.373792     0.317966     0.231016     0.121452            0
            0     0.110624     0.210419     0.289617     0.340465     0.357986     0.340465     0.289617     0.210419     0.110624            0
            0     0.100761     0.191658     0.263795     0.310109     0.326068     0.310109     0.263795     0.191658     0.100761            0
            0    0.0917769      0.17457     0.240275      0.28246     0.296996      0.28246     0.240275      0.17457    0.0917768            0
            0    0.0835941     0.159005     0.218852     0.257276     0.270516     0.257276     0.218852     0.159005    0.0835941            0
            0    0.0761409     0.144829     0.199339     0.234338     0.246397     0.234338     0.199339     0.144829    0.0761409            0
            0    0.0693522     0.131916     0.181566     0.213444     0.224428     0.213444     0.181566     0.131916    0.0693522            0
            0    0.0631688     0.120154     0.165378     0.194414     0.204419     0.194414     0.165378     0.120154    0.0631688            0
            0    0.0575367     0.109441     0.150633      0.17708     0.186193      0.17708     0.150633     0.109441    0.0575367            0
            0    0.0524068    0.0996836     0.137203     0.161291     0.169592     0.161291     0.137203    0.0996836    0.0524068            0
            0    0.0477342    0.0907959      0.12497     0.146911     0.154471     0.146911      0.12497    0.0907959    0.0477342            0
            0    0.0434783    0.0827006     0.113828     0.133812     0.140699     0.133812     0.113828    0.0827006    0.0434783            0
            0    0.0396018     0.075327     0.103679     0.121882     0.128154     0.121882     0.103679     0.075327    0.0396018            0
            0    0.0360709    0.0686109    0.0944348     0.111015     0.116728     0.111015    0.0944348    0.0686109    0.0360709            0
            0    0.0328548    0.0624936    0.0860151     0.101117      0.10632     0.101117    0.0860151    0.0624936    0.0328548            0
            0    0.0299255    0.0569217     0.078346    0.0921013     0.096841    0.0921013     0.078346    0.0569217    0.0299255            0
            0    0.0272574    0.0518466    0.0713607    0.0838896    0.0882067    0.0838896    0.0713607    0.0518466    0.0272574            0
            0    0.0248271     0.047224    0.0649983      0.07641    0.0803423      0.07641    0.0649982     0.047224    0.0248271            0
            0    0.0226135    0.0430135     0.059203    0.0695973     0.073179    0.0695973     0.059203    0.0430135    0.0226135            0
            0    0.0205973    0.0391785    0.0539245    0.0633921    0.0666544    0.0633921    0.0539245    0.0391785    0.0205973            0
            0    0.0187609    0.0356853    0.0491167    0.0577401    0.0607115    0.0577401    0.0491167    0.0356853    0.0187609            0
            0    0.0170882    0.0325037    0.0447374     0.052592    0.0552985     0.052592    0.0447374    0.0325037    0.0170882            0
            0    0.0155646    0.0296056    0.0407487    0.0479029    0.0503681    0.0479029    0.0407487    0.0296056    0.0155646            0
            0    0.0141769     0.026966    0.0371156    0.0436319    0.0458773    0.0436319    0.0371155     0.026966    0.0141769            0
            0    0.0129129    0.0245617    0.0338064    0.0397417    0.0417869    0.0397417    0.0338063    0.0245617    0.0129129            0
            0    0.0117616    0.0223718    0.0307922    0.0361984    0.0380612    0.0361984    0.0307922    0.0223718    0.0117616            0
            0    0.0107129    0.0203772    0.0280468     0.032971    0.0346677     0.032971    0.0280468    0.0203772    0.0107129            0
            0   0.00975776    0.0185604    0.0255461    0.0300313    0.0315768    0.0300313    0.0255461    0.0185604   0.00975776            0
            0   0.00888776    0.0169055    0.0232685    0.0273537    0.0287614    0.0273537    0.0232685    0.0169055   0.00888776            0
            0   0.00809534    0.0153982    0.0211939    0.0249149    0.0261971    0.0249149    0.0211939    0.0153982   0.00809533            0
            0   0.00737356    0.0140253    0.0193042    0.0226935    0.0238613    0.0226935    0.0193042    0.0140253   0.00737356            0
            0   0.00671614    0.0127749    0.0175831    0.0206701    0.0217339    0.0206701    0.0175831    0.0127749   0.00671614            0
            0   0.00611733    0.0116359    0.0160154    0.0188272    0.0197961    0.0188272    0.0160154    0.0116359   0.00611733            0
            0   0.00557191    0.0105984    0.0145875    0.0171486    0.0180311    0.0171486    0.0145875    0.0105984   0.00557191            0
            0   0.00507513   0.00965346    0.0132869    0.0156196    0.0164234    0.0156196    0.0132868   0.00965346   0.00507512            0
            0   0.00462263   0.00879277    0.0121022     0.014227    0.0149591     0.014227    0.0121022   0.00879276   0.00462263            0
            0   0.00421048   0.00800881    0.0110232    0.0129585    0.0136254    0.0129585    0.0110232   0.00800881   0.00421048            0
            0   0.00383508   0.00729475    0.0100404    0.0118031    0.0124106    0.0118031    0.0100404   0.00729475   0.00383507            0
            0   0.00349314   0.00664435   0.00914516    0.0107508     0.011304    0.0107508   0.00914516   0.00664435   0.00349314            0
            0    0.0031817   0.00605194   0.00832979   0.00979225    0.0102962   0.00979225   0.00832979   0.00605194    0.0031817            0
            0   0.00289802   0.00551236   0.00758711   0.00891918   0.00937818   0.00891918   0.00758711   0.00551236   0.00289802            0
