            0     0.309017     0.587785     0.809017     0.951057            1     0.951056     0.809017     0.587785     0.309017            0
            0      0.28018     0.532933      0.73352     0.862304     0.906681     0.862304      0.73352     0.532933      0.28018            0
            0     0.254033       0.4832     0.665068     0.781835     0.822069     0.781834     0.665068       0.4832     0.254033            0
            0     0.230327     0.438108     0.603004     0.708874     0.745354     0.708874     0.603004     0.438108     0.230327            0
            0     0.208833     0.397224     0.546732     0.642722     0.675798     0.642722     0.546732     0.397224     0.208833            0
            0     0.189345     0.360155     0.495711     0.582744     0.612733     0.582744     0.495711     0.360155     0.189345            0
            0     0.171675     0.326546     0.449452     0.528362     0.555553     0.528362     0.449452     0.326546     0.171675            0
            0     0.155655     0.296073     0.407509     0.479056     0.503709     0.479056     0.407509     0.296073     0.155655            0
            0     0.141129     0.268443     0.369481      0.43435     0.456703      0.43435     0.369481     0.268443     0.141129            0
            0     0.127959     0.243392     0.335001     0.393817     0.414084     0.393817     0.335001     0.243392     0.127959            0
            0     0.116018     0.220679     0.303739     0.357066     0.375442     0.357066     0.303739     0.220679     0.116018            0
            0     0.105191     0.200085     0.275394     0.323745     0.340406     0.323745     0.275394     0.200085     0.105191            0
            0    0.0953747     0.181414     0.249694     0.293533     0.308639     0.293533     0.249694     0.181414    0.0953747            0
            0    0.0864744     0.164484     0.226393     0.266141     0.279837     0.266141     0.226393     0.164484    0.0864744            0
            0    0.0784047     0.149135     0.205266     0.241305     0.253723     0.241305     0.205266     0.149135    0.0784046            0
            0     0.071088     0.135217     0.186111     0.218786     0.230045     0.218786     0.186111     0.135217     0.071088            0
            0    0.0644541     0.122599     0.168743     0.198369     0.208578     0.198369     0.168743     0.122599    0.0644541            0
            0    0.0584392     0.111158     0.152996     0.179857     0.189113     0.179857     0.152996     0.111158    0.0584392            0
            0    0.0529857     0.100785     0.138718     0.163073     0.171465     0.163073     0.138718     0.100785    0.0529857            0
            0    0.0480411    0.0913796     0.125773     0.147855     0.155464     0.147855     0.125773    0.0913796    0.0480411            0
            0    0.0435579    0.0828521     0.114036     0.134058     0.140956     0.134058     0.114036    0.0828521    0.0435579            0
            0    0.0394931    0.0751204     0.103394     0.121547     0.127802     0.121547     0.103394    0.0751204    0.0394931            0
            0    0.0358076    0.0681102    0.0937456     0.110205     0.115876     0.110205    0.0937456    0.0681102    0.0358076            0
            0    0.0324661    0.0617542    0.0849973    0.0999204     0.105062    0.0999203    0.0849973    0.0617542    0.0324661            0
            0    0.0294364    0.0559913    0.0770654    0.0905958    0.0952581    0.0905958    0.0770654    0.0559913    0.0294364            0
            0    0.0266894    0.0507662    0.0698737    0.0821415    0.0863687    0.0821415    0.0698737    0.0507662    0.0266894            0
            0    0.0241987    0.0460287    0.0633531    0.0744761    0.0783088     0.074476    0.0633531    0.0460287    0.0241987            0
            0    0.0219405    0.0417334     0.057441     0.067526     0.071001     0.067526     0.057441    0.0417334    0.0219405            0
            0     0.019893    0.0378388    0.0520807    0.0612245    0.0643752    0.0612245    0.0520807    0.0378388     0.019893            0
            0    0.0180366    0.0343077    0.0472205     0.055511    0.0583678     0.055511    0.0472205    0.0343077    0.0180366            0
            0    0.0163535    0.0311061    0.0428139    0.0503308    0.0529209    0.0503308    0.0428139    0.0311061    0.0163535            0
            0    0.0148274    0.0282033    0.0388185    0.0456339    0.0479824    0.0456339    0.0388185    0.0282033    0.0148274            0
            0    0.0134437    0.0255714     0.035196    0.0413754    0.0435047    0.0413754     0.035196    0.0255714    0.0134437            0
            0    0.0121891    0.0231851    0.0319115    0.0375143    0.0394448    0.0375143    0.0319115    0.0231851    0.0121891            0
            0    0.0110516    0.0210215    0.0289336    0.0340135    0.0357639    0.0340135    0.0289336    0.0210215    0.0110516            0
            0    0.0100203    0.0190598    0.0262335    0.0308393    0.0324264    0.0308393    0.0262335    0.0190598    0.0100203            0
            0   0.00908522    0.0172811    0.0237854    0.0279614    0.0294004    0.0279614    0.0237854    0.0172811   0.00908521            0
            0   0.00823739    0.0156684    0.0215658    0.0253521    0.0266568    0.0253521    0.0215658    0.0156684   0.00823739            0
            0   0.00746868    0.0142063    0.0195533    0.0229862    0.0241692    0.0229862    0.0195533    0.0142063   0.00746868            0
            0   0.00677171    0.0128805    0.0177286    0.0208412    0.0219137    0.0208412    0.0177286    0.0128805    0.0067717            0
            0   0.00613977    0.0116785    0.0160741    0.0188963    0.0198687    0.0188963    0.0160741    0.0116785   0.00613977            0
            0   0.00556681    0.0105887    0.0145741    0.0171329    0.0180146    0.0171329    0.0145741    0.0105887   0.00556681            0
            0   0.00504732   0.00960057    0.0132141    0.0155341    0.0163335     0.015534    0.0132141   0.00960057   0.00504732            0
            0   0.00457631   0.00870465    0.0119809    0.0140844    0.0148092    0.0140844    0.0119809   0.00870465   0.00457631            0
            0   0.00414925   0.00789234    0.0108629    0.0127701    0.0134272    0.0127701    0.0108629   0.00789233   0.00414925            0
            0   0.00376204   0.00715583   0.00984915    0.0115784    0.0121742    0.0115784   0.00984915   0.00715583   0.00376204            0
            0   0.00341097   0.00648805   0.00893003    0.0104979    0.0110381    0.0104979   0.00893003   0.00648805   0.00341097            0
            0   0.00309266   0.00588259   0.00809669   0.00951822    0.0100081   0.00951822   0.00809668   0.00588259   0.00309266            0
            0   0.00280405   0.00533363   0.00734111   0.00862999   0.00907411   0.00862999   0.00734111   0.00533363   0.00280405            0
            0   0.00254238   0.00483589   0.00665604   0.00782464   0.00822731   0.00782464   0.00665604   0.00483589   0.00254238            0
            0   0.00230513   0.00438461    0.0060349   0.00709445   0.00745955   0.00709445    0.0060349   0.00438461   0.00230513            0
