            0     0.309017     0.587785     0.809017     0.951057            1     0.951056     0.809017     0.587785     0.309017            0
            0     0.278768     0.530249     0.729825      0.85796     0.902113     0.857961     0.729825     0.530249     0.278768            0
            0     0.251481     0.478344     0.658384     0.773977     0.813808     0.773977     0.658385     0.478344     0.251481            0
            0     0.226864     0.431521     0.593937     0.698215     0.734147     0.698215     0.593937     0.431521     0.226864            0
            0     0.204657      0.38928     0.535799     0.629869     0.662284     0.629868       0.5358     0.389279     0.204657            0
            0     0.184623     0.351175      0.48335     0.568214     0.597453     0.568215     0.483348     0.351178     0.184622            0
            0     0.166552     0.316798     0.436039     0.512589     0.538976     0.512586     0.436045     0.316792     0.166556            0
            0     0.150246     0.285793     0.393349     0.462426     0.486199     0.462436     0.393333     0.285808     0.150237            0
            0     0.135546     0.257802      0.35487     0.417121     0.438663     0.417096     0.354911     0.257762     0.135571            0
            0     0.122256     0.232614     0.320054     0.376411     0.395554     0.376478     0.319947      0.23272     0.122191            0
            0     0.110358     0.209696     0.288971     0.339197     0.357335     0.339023     0.289251     0.209418     0.110529            0
            0    0.0993381     0.189633     0.259921      0.30711     0.320885     0.307563     0.259191     0.190362    0.0988889            0
            0    0.0902952     0.169626     0.236822     0.273696     0.293788     0.272513     0.238734     0.167718    0.0914728            0
            0    0.0793308     0.157491       0.2065     0.256914     0.252421     0.260008     0.201497     0.162488    0.0762451            0
            0    0.0781607     0.128339     0.207906     0.202007     0.264501      0.19391        0.221     0.115254    0.0862434            0
            0    0.0501783     0.157728      0.12244     0.270401     0.131415     0.291591    0.0881645     0.191989    0.0290106            0
            0     0.107549    0.0148904     0.305689   -0.0165457     0.430576    -0.072011     0.395415   -0.0748137     0.162978            0
            0   -0.0926588     0.398347    -0.307344      0.75281    -0.519133     0.898002     -0.54224     0.633207    -0.237792            0
            0     0.491006     -0.79835       1.4585     -1.57929      2.16995     -1.95937      2.07345     -1.41324     0.870999            0
            0     -1.28936      2.74786     -3.83614      5.20773     -5.70861      6.20277     -5.44606      4.35769     -2.28424            0
            0      4.03721     -7.87335      11.7917     -14.7525      17.1191     -17.3574      16.0065      -12.088      6.64192            0
            0     -11.9106      23.7023     -34.4175      43.6633      -49.229       50.483     -45.4519      34.7364     -18.7299            0
            0      35.6128     -70.0304      101.783      -127.31      143.375     -145.164      130.671     -98.9182      53.4663            0
            0     -105.643      207.426     -299.123      372.468     -415.849      419.211     -374.753      283.056     -152.384            0
            0      313.069     -612.193      879.018     -1087.44      1207.53     -1209.81      1077.02     -810.194       435.44            0
            0     -925.262      1804.28     -2578.65      3173.98     -3504.78      3494.36     -3097.03      2322.65     -1245.63            0
            0      2729.54     -5308.19      7556.91     -9257.41      10173.1     -10096.2      8914.04     -6665.31      3568.29            0
            0     -8037.73      15594.6     -22122.5      26987.4     -29526.7      29183.3     -25675.5      19147.6     -10233.6            0
            0      23632.4     -45754.9      64704.6     -78636.6      85697.4     -84385.5      74006.4     -55056.7      29381.2            0
            0     -69387.2       134092      -189096       229039      -248720       244089      -213449       158444     -84437.9            0
            0       203479      -392575       552226      -666854       721847      -706257       615982      -456331       242882            0
            0      -596054  1.14828e+06 -1.61166e+06  1.94093e+06 -2.09496e+06  2.04409e+06 -1.77857e+06   1.3152e+06      -699213            0
            0  1.74433e+06 -3.35599e+06  4.70086e+06 -5.64754e+06  6.07997e+06 -5.91761e+06  5.13785e+06 -3.79298e+06  2.01441e+06            0
            0 -5.10032e+06  9.80118e+06 -1.37044e+07  1.64284e+07 -1.76451e+07  1.71354e+07 -1.48484e+07  1.09452e+07 -5.80738e+06            0
            0  1.49015e+07 -2.86059e+07  3.99339e+07 -4.77779e+07  5.12089e+07  -4.9629e+07  4.29291e+07 -3.16011e+07  1.67526e+07            0
            0 -4.35074e+07  8.34413e+07 -1.16318e+08  1.38921e+08 -1.48616e+08  1.43767e+08 -1.24159e+08  9.12828e+07 -4.83537e+07            0
            0  1.26949e+08 -2.43266e+08   3.3868e+08 -4.03854e+08  4.31303e+08 -4.16542e+08  3.59209e+08 -2.63796e+08  1.39636e+08            0
            0 -3.70215e+08  7.08895e+08   -9.858e+08  1.17384e+09  -1.2517e+09  1.20705e+09 -1.03955e+09  7.62641e+08 -4.03432e+08            0
            0  1.07911e+09 -2.06491e+09  2.86853e+09 -3.41134e+09  3.63259e+09  -3.4983e+09  3.00924e+09 -2.20562e+09  1.16607e+09            0
            0 -3.14402e+09  6.01255e+09 -8.34477e+09  9.91246e+09 -1.05422e+10  1.01401e+10 -8.71316e+09  6.38093e+09 -3.37169e+09            0
            0  9.15657e+09 -1.75013e+10  2.42698e+10 -2.87994e+10  3.05948e+10 -2.93955e+10  2.52342e+10 -1.84658e+10  9.75262e+09            0
            0 -2.66579e+10  5.09277e+10 -7.05705e+10   8.3664e+10 -8.87897e+10  8.52245e+10 -7.30955e+10  5.34526e+10 -2.82184e+10            0
            0  7.75856e+10 -1.48156e+11  2.05162e+11 -2.43024e+11  2.57678e+11  -2.4711e+11  2.11773e+11 -1.54766e+11   8.1671e+10            0
            0 -2.25742e+11  4.30904e+11 -5.96342e+11  7.05865e+11 -7.47812e+11   7.1656e+11 -6.13649e+11   4.4821e+11 -2.36437e+11            0
            0  6.56645e+11 -1.25299e+12  1.73311e+12 -2.05002e+12  2.17024e+12 -2.07802e+12  1.77842e+12  -1.2983e+12  6.84647e+11            0
            0 -1.90963e+12  3.64274e+12 -5.03612e+12  5.95336e+12 -6.29827e+12  6.02667e+12 -5.15473e+12  3.76136e+12 -1.98294e+12            0
            0  5.55238e+12 -1.05885e+13  1.46322e+13 -1.72878e+13  1.82783e+13 -1.74797e+13  1.49428e+13  -1.0899e+13   5.7443e+12            0
            0 -1.61409e+13  3.07731e+13 -4.25085e+13  5.01983e+13 -5.30457e+13  5.07007e+13 -4.33215e+13  3.15861e+13 -1.66433e+13            0
            0  4.69139e+13 -8.94224e+13   1.2348e+14 -1.45752e+14  1.53945e+14 -1.47068e+14  1.25608e+14 -9.15509e+13  4.82294e+13            0
            0 -1.36336e+14  2.59816e+14 -3.58655e+14  4.23177e+14 -4.46765e+14  4.26621e+14 -3.64227e+14  2.65389e+14  -1.3978e+14            0
            0  3.96152e+14 -7.54807e+14  1.04165e+15  -1.2286e+15  1.29656e+15 -1.23761e+15  1.05624e+15 -7.69396e+14  4.05169e+14            0
